$ANSIBLE_VAULT;1.1;AES256
64373665323533633937313239306163386661613463613465396632316534336666363764643837
3130333365313665383138393337376264386161376531310a326663316561653138363464393364
36383937313663343561306331643362333738383930626639313233366430343839313162633633
3232333937313333350a656334306565623965323062376630636465376433313938633337316336
30663761383730626233393736663331353364363632633938636234626465633338653934666364
66663334626633396366316234353764346634646436626236343034626337336166623133636430
30626239616234323133313565323237646133333335313537326161353230616261396561336661
63333737333935623365306134353435616333626435303230636533393634666434323164646137
64613761653362326466613535666462393566306233383039636230333565313733623830333166
63653863393231623331636437373666356231393031303634353466306339653863373764373965
61666465373234356665393638356431636231353030353237323934656330326233633461376661
38356536636236313830613261336464333063656237356438663863656638393536373965323234
34653735336237353232383665313566386563363662333933376233343665636261
