$ANSIBLE_VAULT;1.1;AES256
61333638303664386230316266393230376433353037613339336464353335303538653731666236
6364373663383964356232366134373464646538366132310a376266383731383761666432646333
35316438643265346434306436616464663064363337653134396362376663616162353062366432
3565316566643065330a623933353339326261313662363533666237303663363830653131663631
63613032653362393238393066363739303166613431376435346534313535383965353630396135
64663133666635663737633131306338396530656564303333366233356230383936626238326538
61363264313064643539643332316562316266623438323039353032323035326261353966303136
35373161383138623863373233336133386139353461666230323863623930643462333266393535
34336531393831633064653461633536623035333065313763303631353463656232356637613430
30636536333639353461306266333435316666326262383535333736376335646562343538383636
37643661396161373535353862343362313664373263316439303138356161616162396563393563
35616266363638356333356462373836363065366239623863663362636430346665633462616332
30633337373238616532313536393764666338303738373733666139366165363837396535643362
33346332646133323539343439323933623337343064323961306333646231663336343563366439
64313062643439353632363661633830336639643339323362353334656130363762656363333864
33346262353637316566323634643862323361656661353535366263643438343063346330653334
34623936346437663536396462653566633039343962653435386336653536663436396432353562
64646535626564316135366531616533626561386436366537326361626437643033306563623663
35643932313434643862383164616539396431333135376566353136386537396362363839653238
32613637333339343561333362633631373739393534633330356538646539343637623839356666
63636264323035393531656264656363363664346237336231363961343339346433303335353835
32343331366334666134366338653364386666346166633434316132373062626565636435376332
36363735353033643861303062306437616664643264313263346565383639326635663831323532
30653036396335663430
